1.000000000000000000e+01 3.599999999999999901e-03 0.000000000000000000e+00 8.000000000000000383e-04
2.000000000000000000e+01 3.996000000000000107e-01 2.803999999999999826e-01 3.200000000000000067e-01
3.000000000000000000e+01 4.007999999999999896e-01 2.736000000000000099e-01 3.256000000000000005e-01
4.000000000000000000e+01 4.000000000000000222e-01 2.584000000000000186e-01 3.416000000000000147e-01
5.000000000000000000e+01 3.947999999999999843e-01 2.475999999999999868e-01 3.575999999999999734e-01
6.000000000000000000e+01 3.867999999999999772e-01 2.300000000000000100e-01 3.831999999999999851e-01
7.000000000000000000e+01 3.804000000000000159e-01 2.119999999999999940e-01 4.076000000000000179e-01
8.000000000000000000e+01 3.659999999999999920e-01 2.016000000000000014e-01 4.324000000000000066e-01
9.000000000000000000e+01 3.392000000000000015e-01 1.948000000000000009e-01 4.660000000000000253e-01
1.000000000000000000e+02 3.028000000000000136e-01 1.963999999999999913e-01 5.008000000000000229e-01
1.100000000000000000e+02 2.611999999999999877e-01 1.975999999999999979e-01 5.412000000000000144e-01
1.200000000000000000e+02 2.079999999999999905e-01 2.059999999999999887e-01 5.859999999999999654e-01
1.300000000000000000e+02 1.839999999999999969e-01 2.091999999999999971e-01 6.068000000000000060e-01
1.400000000000000000e+02 1.668000000000000038e-01 2.124000000000000055e-01 6.208000000000000185e-01
1.500000000000000000e+02 1.539999999999999980e-01 2.147999999999999909e-01 6.311999999999999833e-01
1.600000000000000000e+02 1.580000000000000016e-01 2.104000000000000037e-01 6.316000000000000503e-01
1.700000000000000000e+02 1.491999999999999993e-01 2.039999999999999869e-01 6.468000000000000416e-01
1.800000000000000000e+02 1.468000000000000138e-01 2.139999999999999958e-01 6.391999999999999904e-01
1.900000000000000000e+02 1.524000000000000077e-01 2.272000000000000131e-01 6.203999999999999515e-01
2.000000000000000000e+02 1.559999999999999998e-01 2.452000000000000013e-01 5.987999999999999989e-01
2.100000000000000000e+02 1.607999999999999985e-01 2.847999999999999976e-01 5.544000000000000039e-01
2.200000000000000000e+02 1.640000000000000069e-01 3.207999999999999741e-01 5.151999999999999913e-01
2.300000000000000000e+02 1.683999999999999941e-01 3.556000000000000272e-01 4.759999999999999787e-01
2.400000000000000000e+02 1.719999999999999862e-01 3.920000000000000151e-01 4.359999999999999987e-01
2.500000000000000000e+02 1.736000000000000043e-01 4.371999999999999775e-01 3.891999999999999904e-01
2.600000000000000000e+02 1.791999999999999982e-01 4.919999999999999929e-01 3.287999999999999812e-01
2.700000000000000000e+02 1.844000000000000083e-01 5.575999999999999845e-01 2.580000000000000071e-01
2.800000000000000000e+02 1.867999999999999938e-01 6.331999999999999851e-01 1.799999999999999933e-01
2.900000000000000000e+02 1.932000000000000106e-01 6.723999999999999977e-01 1.343999999999999917e-01
3.000000000000000000e+02 1.971999999999999864e-01 7.019999999999999574e-01 1.008000000000000007e-01
3.100000000000000000e+02 2.056000000000000050e-01 7.107999999999999874e-01 8.359999999999999376e-02
3.200000000000000000e+02 2.099999999999999922e-01 7.127999999999999892e-01 7.720000000000000473e-02
3.300000000000000000e+02 2.172000000000000042e-01 7.112000000000000544e-01 7.159999999999999698e-02
3.400000000000000000e+02 2.235999999999999932e-01 7.036000000000000032e-01 7.280000000000000360e-02
3.500000000000000000e+02 2.283999999999999919e-01 6.939999999999999503e-01 7.760000000000000231e-02
3.600000000000000000e+02 2.220000000000000029e-01 6.832000000000000295e-01 9.479999999999999538e-02
3.700000000000000000e+02 2.187999999999999945e-01 6.663999999999999924e-01 1.147999999999999993e-01
3.800000000000000000e+02 2.379999999999999893e-01 6.395999999999999464e-01 1.223999999999999949e-01
3.900000000000000000e+02 2.575999999999999956e-01 6.079999999999999849e-01 1.343999999999999917e-01
4.000000000000000000e+02 3.068000000000000171e-01 5.520000000000000462e-01 1.411999999999999922e-01
4.100000000000000000e+02 3.608000000000000096e-01 4.912000000000000255e-01 1.479999999999999927e-01
4.200000000000000000e+02 4.172000000000000153e-01 4.299999999999999933e-01 1.527999999999999914e-01
4.300000000000000000e+02 4.796000000000000263e-01 3.615999999999999770e-01 1.587999999999999967e-01
4.400000000000000000e+02 5.647999999999999687e-01 2.707999999999999852e-01 1.643999999999999906e-01
4.500000000000000000e+02 6.915999999999999925e-01 1.396000000000000019e-01 1.688000000000000056e-01
4.600000000000000000e+02 7.483999999999999542e-01 7.639999999999999569e-02 1.751999999999999946e-01
4.700000000000000000e+02 7.571999999999999842e-01 6.320000000000000617e-02 1.796000000000000096e-01
4.800000000000000000e+02 7.616000000000000547e-01 5.360000000000000181e-02 1.847999999999999921e-01
4.900000000000000000e+02 7.611999999999999877e-01 4.719999999999999890e-02 1.915999999999999925e-01
5.000000000000000000e+02 7.591999999999999860e-01 4.399999999999999745e-02 1.968000000000000027e-01
5.100000000000000000e+02 7.551999999999999824e-01 4.279999999999999777e-02 2.020000000000000129e-01
5.200000000000000000e+02 7.496000000000000441e-01 4.159999999999999809e-02 2.088000000000000134e-01
5.300000000000000000e+02 7.383999999999999453e-01 4.519999999999999712e-02 2.164000000000000090e-01
5.400000000000000000e+02 7.256000000000000227e-01 4.920000000000000068e-02 2.252000000000000113e-01
5.500000000000000000e+02 7.099999999999999645e-01 5.439999999999999697e-02 2.356000000000000039e-01
5.600000000000000000e+02 6.919999999999999485e-01 6.400000000000000133e-02 2.439999999999999947e-01
5.700000000000000000e+02 6.672000000000000153e-01 7.439999999999999392e-02 2.584000000000000186e-01
5.800000000000000000e+02 6.348000000000000309e-01 8.519999999999999796e-02 2.800000000000000266e-01
5.900000000000000000e+02 5.864000000000000323e-01 9.320000000000000506e-02 3.204000000000000181e-01
6.000000000000000000e+02 5.235999999999999543e-01 1.008000000000000007e-01 3.755999999999999894e-01
6.100000000000000000e+02 4.576000000000000068e-01 1.072000000000000036e-01 4.351999999999999758e-01
6.200000000000000000e+02 3.860000000000000098e-01 1.160000000000000059e-01 4.979999999999999982e-01
6.300000000000000000e+02 3.291999999999999926e-01 1.232000000000000040e-01 5.475999999999999757e-01
6.400000000000000000e+02 2.772000000000000020e-01 1.280000000000000027e-01 5.947999999999999954e-01
6.500000000000000000e+02 2.255999999999999950e-01 1.343999999999999917e-01 6.400000000000000133e-01
6.600000000000000000e+02 1.703999999999999959e-01 1.416000000000000036e-01 6.879999999999999449e-01
6.700000000000000000e+02 1.131999999999999951e-01 1.484000000000000041e-01 7.383999999999999453e-01
6.800000000000000000e+02 7.320000000000000118e-02 1.552000000000000046e-01 7.715999999999999526e-01
6.900000000000000000e+02 4.399999999999999745e-02 1.643999999999999906e-01 7.915999999999999703e-01
7.000000000000000000e+02 1.640000000000000138e-02 1.723999999999999977e-01 8.112000000000000322e-01
7.100000000000000000e+02 1.280000000000000061e-02 1.787999999999999867e-01 8.084000000000000075e-01
7.200000000000000000e+02 1.119999999999999989e-02 1.880000000000000004e-01 8.007999999999999563e-01
7.300000000000000000e+02 1.119999999999999989e-02 1.995999999999999996e-01 7.892000000000000126e-01
7.400000000000000000e+02 1.119999999999999989e-02 2.079999999999999905e-01 7.808000000000000496e-01
7.500000000000000000e+02 1.239999999999999956e-02 2.187999999999999945e-01 7.688000000000000389e-01
7.600000000000000000e+02 1.280000000000000061e-02 2.348000000000000087e-01 7.523999999999999577e-01
7.700000000000000000e+02 1.519999999999999997e-02 2.459999999999999964e-01 7.388000000000000123e-01
7.800000000000000000e+02 1.880000000000000074e-02 2.600000000000000089e-01 7.211999999999999522e-01
7.900000000000000000e+02 2.319999999999999840e-02 2.727999999999999869e-01 7.039999999999999591e-01
8.000000000000000000e+02 2.599999999999999881e-02 2.908000000000000029e-01 6.832000000000000295e-01
8.100000000000000000e+02 3.080000000000000099e-02 3.068000000000000171e-01 6.623999999999999888e-01
8.200000000000000000e+02 3.559999999999999970e-02 3.256000000000000005e-01 6.388000000000000345e-01
8.300000000000000000e+02 4.159999999999999809e-02 3.467999999999999972e-01 6.116000000000000325e-01
8.400000000000000000e+02 4.760000000000000342e-02 3.704000000000000070e-01 5.819999999999999618e-01
8.500000000000000000e+02 5.399999999999999939e-02 3.983999999999999764e-01 5.475999999999999757e-01
8.600000000000000000e+02 5.879999999999999810e-02 4.351999999999999758e-01 5.060000000000000053e-01
8.700000000000000000e+02 6.640000000000000069e-02 4.723999999999999866e-01 4.611999999999999988e-01
8.800000000000000000e+02 7.199999999999999456e-02 5.076000000000000512e-01 4.203999999999999959e-01
8.900000000000000000e+02 7.960000000000000409e-02 5.432000000000000162e-01 3.771999999999999797e-01
9.000000000000000000e+02 8.640000000000000457e-02 5.744000000000000217e-01 3.392000000000000015e-01
9.100000000000000000e+02 9.560000000000000442e-02 5.991999999999999549e-01 3.052000000000000268e-01
9.200000000000000000e+02 1.008000000000000007e-01 6.228000000000000203e-01 2.763999999999999790e-01
9.300000000000000000e+02 1.107999999999999957e-01 6.408000000000000362e-01 2.484000000000000097e-01
9.400000000000000000e+02 1.184000000000000052e-01 6.600000000000000311e-01 2.215999999999999914e-01
9.500000000000000000e+02 1.283999999999999864e-01 6.727999999999999536e-01 1.988000000000000045e-01
9.600000000000000000e+02 1.380000000000000115e-01 6.855999999999999872e-01 1.764000000000000012e-01
9.700000000000000000e+02 1.499999999999999944e-01 6.935999999999999943e-01 1.564000000000000112e-01
9.800000000000000000e+02 1.575999999999999901e-01 7.064000000000000279e-01 1.360000000000000098e-01
9.900000000000000000e+02 1.708000000000000074e-01 7.112000000000000544e-01 1.179999999999999938e-01
1.000000000000000000e+03 1.832000000000000017e-01 7.151999999999999469e-01 1.015999999999999959e-01
1.010000000000000000e+03 1.927999999999999992e-01 7.216000000000000192e-01 8.559999999999999554e-02
1.020000000000000000e+03 2.099999999999999922e-01 7.187999999999999945e-01 7.119999999999999940e-02
1.030000000000000000e+03 2.207999999999999963e-01 7.227999999999999980e-01 5.639999999999999875e-02
1.040000000000000000e+03 2.368000000000000105e-01 7.207999999999999963e-01 4.240000000000000019e-02
1.050000000000000000e+03 2.511999999999999789e-01 7.199999999999999734e-01 2.879999999999999921e-02
1.060000000000000000e+03 2.647999999999999798e-01 7.191999999999999504e-01 1.600000000000000033e-02
1.070000000000000000e+03 2.832000000000000073e-01 7.136000000000000121e-01 3.200000000000000153e-03
1.080000000000000000e+03 2.979999999999999871e-01 7.019999999999999574e-01 0.000000000000000000e+00
1.090000000000000000e+03 3.168000000000000260e-01 6.832000000000000295e-01 0.000000000000000000e+00
1.100000000000000000e+03 3.320000000000000173e-01 6.680000000000000382e-01 0.000000000000000000e+00
1.110000000000000000e+03 3.496000000000000218e-01 6.503999999999999782e-01 0.000000000000000000e+00
1.120000000000000000e+03 3.684000000000000052e-01 6.316000000000000503e-01 0.000000000000000000e+00
1.130000000000000000e+03 3.880000000000000115e-01 6.119999999999999885e-01 0.000000000000000000e+00
1.140000000000000000e+03 4.076000000000000179e-01 5.924000000000000377e-01 0.000000000000000000e+00
1.150000000000000000e+03 4.288000000000000145e-01 5.712000000000000410e-01 0.000000000000000000e+00
1.160000000000000000e+03 4.484000000000000208e-01 5.515999999999999792e-01 0.000000000000000000e+00
1.170000000000000000e+03 4.703999999999999848e-01 5.295999999999999597e-01 0.000000000000000000e+00
1.180000000000000000e+03 4.924000000000000044e-01 5.076000000000000512e-01 0.000000000000000000e+00
1.190000000000000000e+03 5.168000000000000371e-01 4.832000000000000184e-01 0.000000000000000000e+00
1.200000000000000000e+03 5.440000000000000391e-01 4.560000000000000164e-01 0.000000000000000000e+00
1.210000000000000000e+03 5.727999999999999758e-01 4.272000000000000242e-01 0.000000000000000000e+00
1.220000000000000000e+03 6.079999999999999849e-01 3.920000000000000151e-01 0.000000000000000000e+00
1.230000000000000000e+03 6.403999999999999693e-01 3.595999999999999752e-01 0.000000000000000000e+00
1.240000000000000000e+03 6.700000000000000400e-01 3.300000000000000155e-01 0.000000000000000000e+00
1.250000000000000000e+03 7.036000000000000032e-01 2.963999999999999968e-01 0.000000000000000000e+00
1.260000000000000000e+03 7.396000000000000352e-01 2.604000000000000203e-01 0.000000000000000000e+00
1.270000000000000000e+03 7.648000000000000353e-01 2.351999999999999924e-01 0.000000000000000000e+00
1.280000000000000000e+03 7.903999999999999915e-01 2.096000000000000085e-01 0.000000000000000000e+00
1.290000000000000000e+03 8.135999999999999899e-01 1.864000000000000101e-01 0.000000000000000000e+00
1.300000000000000000e+03 8.352000000000000535e-01 1.648000000000000020e-01 0.000000000000000000e+00
1.310000000000000000e+03 8.536000000000000254e-01 1.464000000000000024e-01 0.000000000000000000e+00
1.320000000000000000e+03 8.711999999999999744e-01 1.287999999999999978e-01 0.000000000000000000e+00
1.330000000000000000e+03 8.871999999999999886e-01 1.127999999999999975e-01 0.000000000000000000e+00
1.340000000000000000e+03 9.032000000000000028e-01 9.679999999999999716e-02 0.000000000000000000e+00
1.350000000000000000e+03 9.183999999999999941e-01 8.160000000000000586e-02 0.000000000000000000e+00
1.360000000000000000e+03 9.315999999999999837e-01 6.840000000000000246e-02 0.000000000000000000e+00
1.370000000000000000e+03 9.455999999999999961e-01 5.439999999999999697e-02 0.000000000000000000e+00
1.380000000000000000e+03 9.584000000000000297e-01 4.159999999999999809e-02 0.000000000000000000e+00
1.390000000000000000e+03 9.696000000000000174e-01 3.039999999999999994e-02 0.000000000000000000e+00
1.400000000000000000e+03 9.811999999999999611e-01 1.880000000000000074e-02 0.000000000000000000e+00
1.410000000000000000e+03 9.919999999999999929e-01 8.000000000000000167e-03 0.000000000000000000e+00
1.420000000000000000e+03 1.000000000000000000e+00 0.000000000000000000e+00 0.000000000000000000e+00
