1.000000000000000000e+00 3.695999999999999841e-01 2.919999999999999818e-01 3.383999999999999786e-01
2.000000000000000000e+00 3.436000000000000165e-01 3.024000000000000021e-01 3.539999999999999813e-01
3.000000000000000000e+00 3.160000000000000031e-01 3.160000000000000031e-01 3.679999999999999938e-01
4.000000000000000000e+00 3.032000000000000250e-01 3.327999999999999847e-01 3.639999999999999902e-01
5.000000000000000000e+00 2.932000000000000162e-01 3.499999999999999778e-01 3.568000000000000060e-01
6.000000000000000000e+00 2.999999999999999889e-01 3.735999999999999877e-01 3.264000000000000234e-01
7.000000000000000000e+00 3.180000000000000049e-01 3.711999999999999744e-01 3.108000000000000207e-01
8.000000000000000000e+00 3.331999999999999962e-01 3.572000000000000175e-01 3.095999999999999863e-01
9.000000000000000000e+00 3.552000000000000157e-01 3.284000000000000252e-01 3.164000000000000146e-01
1.000000000000000000e+01 3.476000000000000201e-01 3.231999999999999873e-01 3.291999999999999926e-01
1.100000000000000000e+01 3.304000000000000270e-01 3.327999999999999847e-01 3.367999999999999883e-01
1.200000000000000000e+01 3.371999999999999997e-01 3.195999999999999952e-01 3.432000000000000051e-01
1.300000000000000000e+01 3.296000000000000041e-01 3.360000000000000209e-01 3.343999999999999750e-01
1.400000000000000000e+01 3.260000000000000120e-01 3.492000000000000104e-01 3.247999999999999776e-01
1.500000000000000000e+01 3.251999999999999891e-01 3.396000000000000130e-01 3.351999999999999980e-01
1.600000000000000000e+01 3.175999999999999934e-01 3.363999999999999768e-01 3.459999999999999742e-01
1.700000000000000000e+01 3.280000000000000138e-01 3.387999999999999901e-01 3.331999999999999962e-01
1.800000000000000000e+01 3.144000000000000128e-01 3.459999999999999742e-01 3.396000000000000130e-01
1.900000000000000000e+01 3.140000000000000013e-01 3.595999999999999752e-01 3.264000000000000234e-01
2.000000000000000000e+01 3.323999999999999733e-01 3.472000000000000086e-01 3.204000000000000181e-01
2.100000000000000000e+01 3.195999999999999952e-01 3.423999999999999821e-01 3.380000000000000226e-01
2.200000000000000000e+01 3.160000000000000031e-01 3.595999999999999752e-01 3.244000000000000217e-01
2.300000000000000000e+01 3.231999999999999873e-01 3.472000000000000086e-01 3.296000000000000041e-01
2.400000000000000000e+01 3.439999999999999725e-01 3.483999999999999875e-01 3.075999999999999845e-01
2.500000000000000000e+01 3.367999999999999883e-01 3.320000000000000173e-01 3.311999999999999944e-01
2.600000000000000000e+01 3.436000000000000165e-01 3.187999999999999723e-01 3.376000000000000112e-01
2.700000000000000000e+01 3.307999999999999829e-01 3.380000000000000226e-01 3.311999999999999944e-01
2.800000000000000000e+01 3.244000000000000217e-01 3.447999999999999954e-01 3.307999999999999829e-01
2.900000000000000000e+01 3.140000000000000013e-01 3.572000000000000175e-01 3.287999999999999812e-01
3.000000000000000000e+01 3.004000000000000004e-01 3.512000000000000122e-01 3.483999999999999875e-01
3.100000000000000000e+01 3.287999999999999812e-01 3.575999999999999734e-01 3.135999999999999899e-01
3.200000000000000000e+01 3.387999999999999901e-01 3.599999999999999867e-01 3.012000000000000233e-01
3.300000000000000000e+01 3.247999999999999776e-01 3.436000000000000165e-01 3.316000000000000059e-01
3.400000000000000000e+01 3.336000000000000076e-01 3.276000000000000023e-01 3.387999999999999901e-01
3.500000000000000000e+01 3.512000000000000122e-01 3.383999999999999786e-01 3.104000000000000092e-01
3.600000000000000000e+01 3.400000000000000244e-01 3.392000000000000015e-01 3.207999999999999741e-01
3.700000000000000000e+01 3.320000000000000173e-01 3.320000000000000173e-01 3.360000000000000209e-01
3.800000000000000000e+01 3.164000000000000146e-01 3.380000000000000226e-01 3.456000000000000183e-01
3.900000000000000000e+01 3.131999999999999784e-01 3.579999999999999849e-01 3.287999999999999812e-01
4.000000000000000000e+01 3.536000000000000254e-01 3.499999999999999778e-01 2.963999999999999968e-01
4.100000000000000000e+01 3.563999999999999946e-01 3.380000000000000226e-01 3.055999999999999828e-01
4.200000000000000000e+01 3.155999999999999917e-01 3.403999999999999804e-01 3.439999999999999725e-01
4.300000000000000000e+01 3.231999999999999873e-01 3.363999999999999768e-01 3.403999999999999804e-01
4.400000000000000000e+01 3.472000000000000086e-01 3.287999999999999812e-01 3.240000000000000102e-01
4.500000000000000000e+01 3.496000000000000218e-01 3.376000000000000112e-01 3.128000000000000225e-01
4.600000000000000000e+01 3.260000000000000120e-01 3.543999999999999928e-01 3.195999999999999952e-01
4.700000000000000000e+01 3.300000000000000155e-01 3.244000000000000217e-01 3.456000000000000183e-01
4.800000000000000000e+01 3.407999999999999918e-01 3.059999999999999942e-01 3.532000000000000139e-01
4.900000000000000000e+01 3.195999999999999952e-01 3.227999999999999758e-01 3.575999999999999734e-01
5.000000000000000000e+01 3.084000000000000075e-01 3.436000000000000165e-01 3.479999999999999760e-01
5.100000000000000000e+01 3.111999999999999766e-01 3.532000000000000139e-01 3.356000000000000094e-01
5.200000000000000000e+01 3.108000000000000207e-01 3.499999999999999778e-01 3.392000000000000015e-01
5.300000000000000000e+01 3.151999999999999802e-01 3.427999999999999936e-01 3.420000000000000262e-01
5.400000000000000000e+01 3.091999999999999749e-01 3.463999999999999857e-01 3.443999999999999839e-01
5.500000000000000000e+01 3.059999999999999942e-01 3.552000000000000157e-01 3.387999999999999901e-01
5.600000000000000000e+01 3.044000000000000039e-01 3.603999999999999981e-01 3.351999999999999980e-01
5.700000000000000000e+01 2.995999999999999774e-01 3.572000000000000175e-01 3.432000000000000051e-01
5.800000000000000000e+01 3.075999999999999845e-01 3.523999999999999910e-01 3.400000000000000244e-01
5.900000000000000000e+01 3.287999999999999812e-01 3.588000000000000078e-01 3.124000000000000110e-01
6.000000000000000000e+01 3.436000000000000165e-01 3.668000000000000149e-01 2.896000000000000241e-01
6.100000000000000000e+01 3.459999999999999742e-01 3.603999999999999981e-01 2.936000000000000276e-01
6.200000000000000000e+01 3.503999999999999893e-01 3.528000000000000025e-01 2.968000000000000083e-01
6.300000000000000000e+01 3.735999999999999877e-01 3.220000000000000084e-01 3.044000000000000039e-01
6.400000000000000000e+01 3.688000000000000167e-01 2.952000000000000179e-01 3.360000000000000209e-01
6.500000000000000000e+01 3.523999999999999910e-01 2.995999999999999774e-01 3.479999999999999760e-01
6.600000000000000000e+01 3.256000000000000005e-01 3.091999999999999749e-01 3.652000000000000246e-01
6.700000000000000000e+01 3.184000000000000163e-01 2.979999999999999871e-01 3.835999999999999965e-01
6.800000000000000000e+01 3.091999999999999749e-01 3.215999999999999970e-01 3.691999999999999726e-01
6.900000000000000000e+01 2.995999999999999774e-01 3.443999999999999839e-01 3.559999999999999831e-01
7.000000000000000000e+01 2.812000000000000055e-01 3.492000000000000104e-01 3.695999999999999841e-01
7.100000000000000000e+01 2.912000000000000144e-01 3.499999999999999778e-01 3.588000000000000078e-01
7.200000000000000000e+01 3.300000000000000155e-01 3.452000000000000068e-01 3.247999999999999776e-01
7.300000000000000000e+01 3.392000000000000015e-01 3.728000000000000203e-01 2.879999999999999782e-01
7.400000000000000000e+01 3.499999999999999778e-01 3.476000000000000201e-01 3.024000000000000021e-01
7.500000000000000000e+01 3.447999999999999954e-01 3.340000000000000191e-01 3.211999999999999855e-01
7.600000000000000000e+01 3.572000000000000175e-01 3.064000000000000057e-01 3.363999999999999768e-01
7.700000000000000000e+01 3.536000000000000254e-01 3.195999999999999952e-01 3.267999999999999794e-01
7.800000000000000000e+01 3.284000000000000252e-01 3.296000000000000041e-01 3.420000000000000262e-01
7.900000000000000000e+01 3.383999999999999786e-01 3.276000000000000023e-01 3.340000000000000191e-01
8.000000000000000000e+01 3.472000000000000086e-01 3.108000000000000207e-01 3.420000000000000262e-01
8.100000000000000000e+01 3.472000000000000086e-01 3.240000000000000102e-01 3.287999999999999812e-01
8.200000000000000000e+01 3.363999999999999768e-01 3.307999999999999829e-01 3.327999999999999847e-01
8.300000000000000000e+01 3.276000000000000023e-01 3.396000000000000130e-01 3.327999999999999847e-01
8.400000000000000000e+01 3.432000000000000051e-01 3.280000000000000138e-01 3.287999999999999812e-01
8.500000000000000000e+01 3.443999999999999839e-01 3.220000000000000084e-01 3.336000000000000076e-01
8.600000000000000000e+01 3.356000000000000094e-01 3.227999999999999758e-01 3.416000000000000147e-01
8.700000000000000000e+01 3.387999999999999901e-01 3.251999999999999891e-01 3.360000000000000209e-01
8.800000000000000000e+01 3.579999999999999849e-01 3.296000000000000041e-01 3.124000000000000110e-01
8.900000000000000000e+01 3.588000000000000078e-01 3.356000000000000094e-01 3.055999999999999828e-01
9.000000000000000000e+01 3.523999999999999910e-01 3.331999999999999962e-01 3.144000000000000128e-01
9.100000000000000000e+01 3.499999999999999778e-01 3.099999999999999978e-01 3.400000000000000244e-01
9.200000000000000000e+01 3.568000000000000060e-01 2.867999999999999994e-01 3.563999999999999946e-01
9.300000000000000000e+01 3.396000000000000130e-01 2.999999999999999889e-01 3.603999999999999981e-01
9.400000000000000000e+01 3.187999999999999723e-01 3.231999999999999873e-01 3.579999999999999849e-01
9.500000000000000000e+01 3.032000000000000250e-01 3.496000000000000218e-01 3.472000000000000086e-01
9.600000000000000000e+01 3.135999999999999899e-01 3.563999999999999946e-01 3.300000000000000155e-01
9.700000000000000000e+01 3.291999999999999926e-01 3.552000000000000157e-01 3.155999999999999917e-01
9.800000000000000000e+01 3.323999999999999733e-01 3.503999999999999893e-01 3.171999999999999820e-01
9.900000000000000000e+01 3.499999999999999778e-01 3.323999999999999733e-01 3.175999999999999934e-01
1.000000000000000000e+02 3.615999999999999770e-01 3.180000000000000049e-01 3.204000000000000181e-01
1.010000000000000000e+02 3.719999999999999973e-01 2.955999999999999739e-01 3.323999999999999733e-01
1.020000000000000000e+02 3.492000000000000104e-01 2.959999999999999853e-01 3.548000000000000043e-01
1.030000000000000000e+02 3.168000000000000260e-01 3.039999999999999925e-01 3.791999999999999815e-01
1.040000000000000000e+02 3.059999999999999942e-01 3.084000000000000075e-01 3.855999999999999983e-01
1.050000000000000000e+02 3.015999999999999792e-01 3.383999999999999786e-01 3.599999999999999867e-01
1.060000000000000000e+02 3.039999999999999925e-01 3.639999999999999902e-01 3.320000000000000173e-01
1.070000000000000000e+02 3.064000000000000057e-01 3.844000000000000195e-01 3.091999999999999749e-01
1.080000000000000000e+02 3.144000000000000128e-01 3.943999999999999728e-01 2.912000000000000144e-01
1.090000000000000000e+02 3.108000000000000207e-01 3.996000000000000107e-01 2.896000000000000241e-01
1.100000000000000000e+02 3.215999999999999970e-01 3.943999999999999728e-01 2.839999999999999747e-01
1.110000000000000000e+02 3.508000000000000007e-01 3.744000000000000106e-01 2.747999999999999887e-01
1.120000000000000000e+02 3.659999999999999920e-01 3.519999999999999796e-01 2.819999999999999729e-01
1.130000000000000000e+02 3.824000000000000177e-01 3.175999999999999934e-01 2.999999999999999889e-01
1.140000000000000000e+02 3.943999999999999728e-01 2.939999999999999836e-01 3.115999999999999881e-01
1.150000000000000000e+02 3.916000000000000036e-01 2.796000000000000152e-01 3.287999999999999812e-01
1.160000000000000000e+02 3.487999999999999989e-01 3.075999999999999845e-01 3.436000000000000165e-01
1.170000000000000000e+02 3.148000000000000242e-01 3.115999999999999881e-01 3.735999999999999877e-01
1.180000000000000000e+02 3.271999999999999909e-01 3.075999999999999845e-01 3.652000000000000246e-01
1.190000000000000000e+02 3.296000000000000041e-01 3.304000000000000270e-01 3.400000000000000244e-01
1.200000000000000000e+02 3.175999999999999934e-01 3.420000000000000262e-01 3.403999999999999804e-01
1.210000000000000000e+02 3.267999999999999794e-01 3.287999999999999812e-01 3.443999999999999839e-01
1.220000000000000000e+02 3.251999999999999891e-01 3.304000000000000270e-01 3.443999999999999839e-01
1.230000000000000000e+02 3.363999999999999768e-01 3.323999999999999733e-01 3.311999999999999944e-01
1.240000000000000000e+02 3.479999999999999760e-01 3.436000000000000165e-01 3.084000000000000075e-01
1.250000000000000000e+02 3.184000000000000163e-01 3.472000000000000086e-01 3.343999999999999750e-01
1.260000000000000000e+02 3.267999999999999794e-01 3.376000000000000112e-01 3.356000000000000094e-01
1.270000000000000000e+02 3.492000000000000104e-01 3.363999999999999768e-01 3.144000000000000128e-01
1.280000000000000000e+02 3.579999999999999849e-01 3.456000000000000183e-01 2.963999999999999968e-01
1.290000000000000000e+02 3.588000000000000078e-01 3.403999999999999804e-01 3.008000000000000118e-01
1.300000000000000000e+02 3.548000000000000043e-01 3.068000000000000171e-01 3.383999999999999786e-01
1.310000000000000000e+02 3.452000000000000068e-01 3.035999999999999810e-01 3.512000000000000122e-01
1.320000000000000000e+02 3.376000000000000112e-01 3.240000000000000102e-01 3.383999999999999786e-01
1.330000000000000000e+02 3.171999999999999820e-01 3.287999999999999812e-01 3.539999999999999813e-01
1.340000000000000000e+02 3.296000000000000041e-01 3.104000000000000092e-01 3.599999999999999867e-01
1.350000000000000000e+02 3.383999999999999786e-01 3.155999999999999917e-01 3.459999999999999742e-01
1.360000000000000000e+02 3.124000000000000110e-01 3.595999999999999752e-01 3.280000000000000138e-01
1.370000000000000000e+02 2.992000000000000215e-01 3.572000000000000175e-01 3.436000000000000165e-01
1.380000000000000000e+02 3.240000000000000102e-01 3.496000000000000218e-01 3.264000000000000234e-01
1.390000000000000000e+02 3.548000000000000043e-01 3.559999999999999831e-01 2.892000000000000126e-01
1.400000000000000000e+02 3.436000000000000165e-01 3.496000000000000218e-01 3.068000000000000171e-01
1.410000000000000000e+02 3.615999999999999770e-01 2.975999999999999757e-01 3.407999999999999918e-01
1.420000000000000000e+02 3.523999999999999910e-01 3.140000000000000013e-01 3.336000000000000076e-01
1.430000000000000000e+02 3.171999999999999820e-01 3.168000000000000260e-01 3.659999999999999920e-01
1.440000000000000000e+02 3.224000000000000199e-01 3.227999999999999758e-01 3.548000000000000043e-01
1.450000000000000000e+02 3.240000000000000102e-01 3.340000000000000191e-01 3.420000000000000262e-01
1.460000000000000000e+02 3.387999999999999901e-01 3.371999999999999997e-01 3.240000000000000102e-01
1.470000000000000000e+02 3.376000000000000112e-01 3.356000000000000094e-01 3.267999999999999794e-01
1.480000000000000000e+02 3.427999999999999936e-01 3.280000000000000138e-01 3.291999999999999926e-01
1.490000000000000000e+02 3.579999999999999849e-01 3.035999999999999810e-01 3.383999999999999786e-01
1.500000000000000000e+02 3.612000000000000210e-01 3.004000000000000004e-01 3.383999999999999786e-01
1.510000000000000000e+02 3.592000000000000193e-01 3.032000000000000250e-01 3.376000000000000112e-01
1.520000000000000000e+02 3.512000000000000122e-01 3.140000000000000013e-01 3.347999999999999865e-01
1.530000000000000000e+02 3.420000000000000262e-01 3.271999999999999909e-01 3.307999999999999829e-01
1.540000000000000000e+02 3.235999999999999988e-01 3.227999999999999758e-01 3.536000000000000254e-01
1.550000000000000000e+02 3.171999999999999820e-01 3.071999999999999731e-01 3.755999999999999894e-01
1.560000000000000000e+02 3.191999999999999837e-01 3.035999999999999810e-01 3.771999999999999797e-01
1.570000000000000000e+02 3.195999999999999952e-01 3.207999999999999741e-01 3.595999999999999752e-01
1.580000000000000000e+02 3.160000000000000031e-01 3.392000000000000015e-01 3.447999999999999954e-01
1.590000000000000000e+02 3.075999999999999845e-01 3.619999999999999885e-01 3.304000000000000270e-01
1.600000000000000000e+02 3.327999999999999847e-01 3.503999999999999893e-01 3.168000000000000260e-01
1.610000000000000000e+02 3.420000000000000262e-01 3.463999999999999857e-01 3.115999999999999881e-01
1.620000000000000000e+02 3.615999999999999770e-01 3.108000000000000207e-01 3.276000000000000023e-01
1.630000000000000000e+02 3.456000000000000183e-01 3.247999999999999776e-01 3.296000000000000041e-01
1.640000000000000000e+02 3.300000000000000155e-01 3.148000000000000242e-01 3.552000000000000157e-01
1.650000000000000000e+02 3.164000000000000146e-01 3.311999999999999944e-01 3.523999999999999910e-01
1.660000000000000000e+02 3.287999999999999812e-01 3.427999999999999936e-01 3.284000000000000252e-01
1.670000000000000000e+02 3.187999999999999723e-01 3.615999999999999770e-01 3.195999999999999952e-01
1.680000000000000000e+02 3.211999999999999855e-01 3.519999999999999796e-01 3.267999999999999794e-01
1.690000000000000000e+02 3.447999999999999954e-01 3.343999999999999750e-01 3.207999999999999741e-01
1.700000000000000000e+02 3.439999999999999725e-01 3.320000000000000173e-01 3.240000000000000102e-01
1.710000000000000000e+02 3.432000000000000051e-01 3.231999999999999873e-01 3.336000000000000076e-01
1.720000000000000000e+02 3.340000000000000191e-01 3.211999999999999855e-01 3.447999999999999954e-01
1.730000000000000000e+02 3.240000000000000102e-01 3.231999999999999873e-01 3.528000000000000025e-01
1.740000000000000000e+02 3.180000000000000049e-01 3.528000000000000025e-01 3.291999999999999926e-01
1.750000000000000000e+02 3.155999999999999917e-01 3.575999999999999734e-01 3.267999999999999794e-01
1.760000000000000000e+02 3.383999999999999786e-01 3.599999999999999867e-01 3.015999999999999792e-01
1.770000000000000000e+02 3.548000000000000043e-01 3.360000000000000209e-01 3.091999999999999749e-01
1.780000000000000000e+02 3.724000000000000088e-01 3.260000000000000120e-01 3.015999999999999792e-01
1.790000000000000000e+02 3.595999999999999752e-01 3.048000000000000154e-01 3.356000000000000094e-01
1.800000000000000000e+02 3.376000000000000112e-01 2.999999999999999889e-01 3.623999999999999999e-01
1.810000000000000000e+02 3.376000000000000112e-01 3.091999999999999749e-01 3.532000000000000139e-01
1.820000000000000000e+02 3.347999999999999865e-01 3.187999999999999723e-01 3.463999999999999857e-01
1.830000000000000000e+02 3.187999999999999723e-01 3.363999999999999768e-01 3.447999999999999954e-01
1.840000000000000000e+02 2.923999999999999932e-01 3.575999999999999734e-01 3.499999999999999778e-01
1.850000000000000000e+02 2.916000000000000258e-01 3.603999999999999981e-01 3.479999999999999760e-01
1.860000000000000000e+02 3.079999999999999960e-01 3.664000000000000035e-01 3.256000000000000005e-01
1.870000000000000000e+02 3.296000000000000041e-01 3.679999999999999938e-01 3.024000000000000021e-01
1.880000000000000000e+02 3.427999999999999936e-01 3.556000000000000272e-01 3.015999999999999792e-01
1.890000000000000000e+02 3.639999999999999902e-01 3.215999999999999970e-01 3.144000000000000128e-01
1.900000000000000000e+02 3.668000000000000149e-01 3.235999999999999988e-01 3.095999999999999863e-01
1.910000000000000000e+02 3.615999999999999770e-01 3.207999999999999741e-01 3.175999999999999934e-01
1.920000000000000000e+02 3.672000000000000264e-01 3.200000000000000067e-01 3.128000000000000225e-01
1.930000000000000000e+02 3.592000000000000193e-01 2.959999999999999853e-01 3.447999999999999954e-01
1.940000000000000000e+02 3.387999999999999901e-01 2.948000000000000065e-01 3.664000000000000035e-01
1.950000000000000000e+02 3.300000000000000155e-01 2.983999999999999986e-01 3.715999999999999859e-01
1.960000000000000000e+02 2.992000000000000215e-01 3.304000000000000270e-01 3.704000000000000070e-01
1.970000000000000000e+02 2.832000000000000073e-01 3.523999999999999910e-01 3.644000000000000017e-01
1.980000000000000000e+02 3.028000000000000136e-01 3.492000000000000104e-01 3.479999999999999760e-01
1.990000000000000000e+02 3.400000000000000244e-01 3.672000000000000264e-01 2.928000000000000047e-01
2.000000000000000000e+02 3.539999999999999813e-01 3.583999999999999964e-01 2.876000000000000223e-01
